      -2  0.3721
    -1.9  0.3638
    -1.8  0.5926
    -1.7  0.4931
    -1.6   0.279
    -1.5   1.309
    -1.4   1.404
    -1.3    1.93
    -1.2   2.941
    -1.1   2.449
      -1   2.737
    -0.9   2.873
    -0.8   3.091
    -0.7   3.152
    -0.6    2.46
    -0.5   3.166
    -0.4   2.882
    -0.3   3.711
    -0.2   3.347
    -0.1   3.162
       0   3.138
     0.1   3.226
     0.2   3.717
     0.3    3.24
     0.4   3.305
     0.5   3.763
     0.6    2.63
     0.7   2.816
     0.8   3.187
     0.9   2.888
       1  0.7937
     1.1  0.9656
     1.2   1.949
     1.3   1.344
     1.4  0.8658
     1.5   1.337
     1.6   1.507
     1.7   1.122
     1.8  0.8349
     1.9  0.3213
       2   0.387
